DM
Frequency
Percent
Cumulative Frequency
Cumulative Percent
0
2147
96.28
2147
96.28
1
83
3.72
2230
100.00


dm_count
Frequency
Percent
Cumulative Frequency
Cumulative Percent
0
2147
96.28
2147
96.28
1
83
3.72
2230
100.00


count
Frequency
Percent
Cumulative Frequency
Cumulative Percent
0
249
11.17
249
11.17
1
588
26.37
837
37.53
2
392
17.58
1229
55.11
3
287
12.87
1516
67.98
4
236
10.58
1752
78.57
5
156
7.00
1908
85.56
6
107
4.80
2015
90.36
7
67
3.00
2082
93.36
8
39
1.75
2121
95.11
9
33
1.48
2154
96.59
10
22
0.99
2176
97.58
11
13
0.58
2189
98.16
12
15
0.67
2204
98.83
13
8
0.36
2212
99.19
14
3
0.13
2215
99.33
15
3
0.13
2218
99.46
16
1
0.04
2219
99.51
17
2
0.09
2221
99.60
18
4
0.18
2225
99.78
19
3
0.13
2228
99.91
20
1
0.04
2229
99.96
21
1
0.04
2230
100.00
